135
200
1 3.04
1 3.71
2 3.93
1 4.16
1 4.60
1 5.04
1 5.49
2 5.71
1 5.93
0 6.16
1 6.60
1 7.27
2 7.49
1 7.71
1 8.16
1 8.60
1 9.04
2 9.27
1 9.49
0 9.71
2 10.16
2 10.16
2 10.82
3 11.04
2 11.27
2 11.71
2 12.16
2 12.60
3 12.82
2 13.04
4 13.27
3 13.71
3 14.38
4 14.60
3 14.82
0 15.27
0 15.71
0 16.16
1 17.27
1 17.93
2 18.16
1 18.38
1 18.82
1 19.27
1 19.71
2 19.93
1 20.16
0 20.38
1 20.82
1 21.49
2 21.71
1 21.93
1 22.38
1 22.82
1 23.27
2 23.49
1 23.71
0 23.93
2 24.38
2 25.04
3 25.27
2 25.49
2 25.93
2 26.38
2 26.82
3 27.04
2 27.27
4 27.49
2 27.49
3 27.93
3 28.60
4 28.82
3 29.04
0 29.49
0 29.93
0 30.38
1 31.49
1 32.16
2 32.38
1 32.60
1 33.04
1 33.49
1 33.93
2 34.16
1 34.38
0 34.60
1 35.04
1 35.71
2 35.93
1 36.16
1 36.60
1 37.04
1 37.49
2 37.71
1 37.93
0 38.16
2 38.60
2 38.60
2 39.27
3 39.49
2 39.71
2 40.16
2 40.60
2 41.04
3 41.27
2 41.49
4 41.71
3 42.16
3 42.82
4 43.04
3 43.27
0 43.71
1 45.71
1 46.38
2 46.60
1 46.82
1 47.27
1 47.71
1 48.16
2 48.38
1 48.60
0 48.82
1 49.27
1 49.93
2 50.16
1 50.38
1 50.82
1 51.27
2 52.82
2 53.49
3 53.71
2 53.93
2 54.38
2 54.82
2 55.27
3 55.49
2 55.71
4 55.93
3 56.38
2 56.38
3 57.04
4 57.27
3 57.49
0 57.93
0 58.38
0 63.49
3 63.71
0 64.16
2 64.38
3 64.60
2 64.82
0 65.27
3 65.49
0 65.93
2 66.16
3 66.38
2 66.60
0 67.04
3 67.27
0 67.71
2 67.93
3 68.16
2 68.38
0 68.82
3 69.04
0 69.49
2 69.71
3 69.93
2 70.16
1 70.60
2 70.60
4 70.82
1 71.27
3 71.49
4 71.71
3 71.93
1 72.38
4 72.60
1 73.04
3 73.27
4 73.49
3 73.71
2 74.16
4 74.38
2 74.82
3 75.04
2 75.27
1 75.71
1 75.93
3 91.04
3 91.16
3 91.27
3 91.38
3 91.49
1 91.93
1 92.60
2 92.82
1 93.04
1 93.49
1 93.93
1 94.38
2 94.60
1 94.82
0 95.04
1 95.49
1 96.16
2 96.38
1 96.60
1 97.04
1 97.49
1 97.93
2 98.16
1 98.38
0 98.60
2 99.04
2 99.04
2 99.71
3 99.93
2 100.16
2 100.60
2 101.04
2 101.49
3 101.71
2 101.93
4 102.16
3 102.60
3 103.27
4 103.49
3 103.71
0 104.16
1 106.16
1 106.82
2 107.04
1 107.27
1 107.71
1 108.16
1 108.60
2 108.82
1 109.04
0 109.27
1 109.71
1 110.38
2 110.60
1 110.82
1 111.27
1 111.71
1 112.16
2 113.27
2 113.93
3 114.16
2 114.38
2 114.82
2 115.27
2 115.71
3 115.93
2 116.16
4 116.38
3 116.82
3 117.49
4 117.71
3 117.93
0 118.38
0 118.82
0 123.93
2 123.93
3 124.16
0 124.60
2 124.82
3 125.04
2 125.27
0 125.71
3 125.93
0 126.38
2 126.60
3 126.82
2 127.04
0 127.49
3 127.71
0 128.16
2 128.38
3 128.60
2 128.82
0 129.27
3 129.49
0 129.93
2 130.16
3 130.38
2 130.60
1 131.04
4 131.27
1 131.71
3 131.93
4 132.16
3 132.38
1 132.82
4 133.04
1 133.49
3 133.71
4 133.93
3 134.16
2 134.60
4 134.82
2 135.27
3 135.49
2 135.71
1 136.16
1 136.38
0 138.16
3 138.38
0 138.82
2 139.04
3 139.27
2 139.49
0 139.93
3 140.16
0 140.60
2 140.82
3 141.04
2 141.27
0 141.71
3 141.93
0 142.38
2 142.60
3 142.82
2 143.04
0 143.49
3 143.71
0 144.16
2 144.38
3 144.60
2 144.82
1 145.27
4 145.49
1 145.93
3 146.16
4 146.38
3 146.60
1 147.04
4 147.27
1 147.71
3 147.93
4 148.16
3 148.38
2 148.82
2 148.82
4 149.04
2 149.49
3 149.71
2 149.93
1 150.38
1 150.60
0 154.16
0 155.66
0 158.16
0 159.66
0 162.16
0 163.66
0 166.16
0 167.66
0 170.16
0 171.66
0 178.16
0 179.66
0 182.16
0 183.66
0 186.16
0 187.66
0 190.16
0 191.66
