158
160
2 2.50
2 2.69
2 2.88
3 3.26
3 3.45
3 3.64
4 4.02
4 4.21
4 4.40
4 4.78
4 4.97
4 5.16
0 5.54
0 5.73
0 5.92
1 6.30
1 6.49
1 6.68
2 7.06
2 7.25
2 7.44
2 7.82
2 8.01
2 8.20
2 8.58
2 8.77
2 8.96
3 9.34
3 9.53
3 9.72
4 10.09
4 10.28
4 10.47
4 10.85
4 11.04
4 11.23
0 11.61
0 11.80
0 11.99
1 12.37
1 12.56
1 12.75
2 13.13
2 13.32
2 13.51
2 13.89
2 14.08
2 14.27
2 14.65
2 14.84
2 15.03
3 15.41
3 15.60
3 15.79
4 16.17
4 16.36
4 16.55
4 16.93
4 17.12
4 17.31
2 17.69
2 17.88
2 18.07
3 18.45
3 18.64
3 18.83
4 19.21
4 19.40
4 19.59
4 19.97
4 20.16
4 20.35
2 20.73
2 20.92
2 21.11
3 21.49
3 21.68
3 21.87
4 22.25
4 22.44
4 22.63
4 23.01
4 23.20
4 23.39
2 23.77
2 23.96
2 24.15
3 24.53
3 24.72
3 24.91
4 25.28
4 25.47
4 25.66
4 26.04
4 26.23
4 26.42
2 26.80
3 26.80
1 28.32
2 28.32
0 29.84
2 29.84
0 31.36
1 31.36
2 32.88
3 32.88
2 34.40
4 34.40
3 35.92
4 35.92
3 37.06
4 37.06
2 37.44
3 37.44
2 37.82
3 37.82
3 38.20
4 38.20
3 38.39
4 38.39
3 38.58
4 38.58
1 38.96
3 38.96
1 39.15
3 39.15
1 39.34
3 39.34
2 39.72
3 39.72
2 39.91
3 39.91
2 40.09
3 40.09
2 40.47
4 40.47
2 40.66
4 40.66
2 40.85
4 40.85
2 41.23
4 41.23
2 41.42
4 41.42
2 41.61
4 41.61
0 41.99
2 41.99
0 42.18
2 42.18
0 42.37
2 42.37
1 42.75
2 42.75
1 42.94
2 42.94
1 43.13
2 43.13
1 43.51
3 43.51
1 43.70
3 43.70
1 43.89
3 43.89
1 44.27
3 44.27
1 44.46
3 44.46
1 44.65
3 44.65
1 45.03
3 45.03
1 45.22
3 45.22
1 45.41
3 45.41
2 45.79
3 45.79
2 45.98
3 45.98
2 46.17
3 46.17
2 46.55
4 46.55
2 46.74
4 46.74
2 46.93
4 46.93
2 47.31
4 47.31
2 47.50
4 47.50
2 47.69
4 47.69
0 48.07
2 48.07
0 48.26
2 48.26
0 48.45
2 48.45
1 48.83
2 48.83
1 49.02
2 49.02
1 49.21
2 49.21
0 49.59
2 49.59
0 49.78
2 49.78
0 49.97
2 49.97
0 50.35
1 50.35
0 50.54
1 50.54
0 50.73
1 50.73
0 51.11
2 51.11
0 51.30
2 51.30
0 51.49
2 51.49
1 51.87
2 51.87
1 52.06
2 52.06
1 52.25
2 52.25
1 52.63
3 52.63
1 52.82
3 52.82
1 53.01
3 53.01
1 53.39
3 53.39
1 53.58
3 53.58
1 53.77
3 53.77
2 54.15
2 54.34
2 54.53
3 54.91
3 55.09
3 55.28
4 55.66
4 55.85
4 56.04
4 56.42
4 56.61
4 56.80
0 57.18
0 57.37
0 57.56
1 57.94
1 58.13
1 58.32
2 58.70
2 58.89
2 59.08
2 59.46
2 59.65
2 60.22
2 60.41
2 60.60
3 60.98
3 61.17
3 61.36
4 61.74
4 61.93
4 62.12
4 62.50
4 62.69
4 62.88
2 63.26
2 63.45
2 63.64
3 64.02
3 64.21
3 64.40
4 64.78
4 64.97
4 65.16
4 65.54
4 65.73
4 65.92
2 66.30
2 66.49
2 66.68
3 67.06
3 67.25
3 67.44
4 67.82
4 68.01
4 68.20
4 68.58
4 68.77
4 68.96
2 69.34
2 69.53
2 69.72
3 70.09
3 70.28
3 70.47
4 70.85
4 71.04
4 71.23
4 71.61
4 71.80
4 71.99
2 72.37
3 72.37
1 73.89
2 73.89
0 75.41
2 75.41
0 76.93
1 76.93
2 78.45
3 78.45
2 79.97
4 79.97
3 81.49
4 81.49
3 82.63
4 82.63
2 83.01
3 83.01
2 83.39
3 83.39
3 83.77
4 83.77
3 83.96
4 83.96
3 84.15
4 84.15
1 84.53
3 84.53
1 84.72
3 84.72
1 84.91
3 84.91
2 85.28
3 85.28
2 85.47
3 85.47
2 85.66
3 85.66
2 86.04
4 86.04
2 86.23
4 86.23
2 86.42
4 86.42
2 86.80
4 86.80
2 86.99
4 86.99
2 87.18
4 87.18
0 87.56
2 87.56
0 87.75
2 87.75
0 87.94
2 87.94
1 88.32
2 88.32
1 88.51
2 88.51
1 88.70
2 88.70
1 89.08
3 89.08
1 89.27
3 89.27
1 89.46
3 89.46
1 89.84
3 89.84
1 90.03
3 90.03
1 90.22
3 90.22
1 90.60
3 90.60
1 90.79
3 90.79
1 90.98
3 90.98
2 91.36
3 91.36
2 91.55
3 91.55
2 91.74
3 91.74
2 92.12
4 92.12
2 92.31
4 92.31
2 92.50
4 92.50
2 92.88
4 92.88
2 93.07
4 93.07
2 93.26
4 93.26
0 93.64
2 93.64
0 93.83
2 93.83
0 94.02
2 94.02
1 94.40
2 94.40
1 94.59
2 94.59
1 94.78
2 94.78
0 95.16
2 95.16
0 95.35
2 95.35
0 95.54
2 95.54
0 95.92
1 95.92
0 96.11
1 96.11
0 96.30
1 96.30
0 96.68
2 96.68
0 96.87
2 96.87
0 97.06
2 97.06
1 97.44
2 97.44
1 97.63
2 97.63
1 97.82
2 97.82
1 98.20
3 98.20
1 98.39
3 98.39
1 98.58
3 98.58
1 98.96
3 98.96
1 99.15
3 99.15
1 99.34
3 99.34
2 99.72
3 99.72
2 99.91
3 99.91
2 100.09
3 100.09
2 100.47
3 100.47
2 100.66
3 100.66
2 100.85
3 100.85
2 101.23
3 101.23
2 101.42
3 101.42
2 101.61
3 101.61
2 101.99
3 101.99
2 102.18
3 102.18
2 102.37
3 102.37
0 102.75
1 102.75
0 102.94
1 102.94
0 103.13
1 103.13
0 103.51
1 103.51
0 103.70
1 103.70
0 103.89
1 103.89
0 104.27
1 104.27
0 104.46
1 104.46
0 104.65
1 104.65
0 105.03
1 105.03
0 105.22
1 105.22
0 105.41
1 105.41
2 105.79
3 105.79
2 105.98
3 105.98
2 106.17
3 106.17
2 106.55
3 106.55
2 106.74
3 106.74
2 106.93
3 106.93
2 107.31
3 107.31
2 107.50
3 107.50
2 107.69
3 107.69
2 108.07
3 108.07
2 108.26
3 108.26
2 108.45
3 108.45
0 108.83
2 108.83
0 109.02
2 109.02
0 109.21
2 109.21
0 109.59
2 109.59
0 109.78
2 109.78
0 109.97
2 109.97
1 110.35
2 110.35
1 110.54
2 110.54
1 110.73
2 110.73
1 111.11
3 111.11
1 111.30
3 111.30
1 111.49
3 111.49
4 111.87
3 112.63
2 113.39
0 114.91
1 115.66
2 116.42
4 117.94
3 118.70
2 119.46
1 120.98
2 121.74
1 122.50
0 123.26
1 124.02
3 124.02
1 124.21
3 124.21
1 124.40
3 124.40
2 124.78
3 124.78
2 124.97
3 124.97
2 125.16
3 125.16
2 125.54
4 125.54
2 125.73
4 125.73
2 125.92
4 125.92
2 126.30
4 126.30
2 126.49
4 126.49
2 126.68
4 126.68
0 127.06
2 127.06
0 127.25
2 127.25
0 127.44
2 127.44
1 127.82
2 127.82
1 128.01
2 128.01
1 128.20
2 128.20
1 128.58
3 128.58
1 128.77
3 128.77
1 128.96
3 128.96
1 129.34
3 129.34
1 129.53
3 129.53
1 129.72
3 129.72
1 130.09
3 130.09
1 130.28
3 130.28
1 130.47
3 130.47
2 130.85
3 130.85
2 131.04
3 131.04
2 131.23
3 131.23
2 131.61
4 131.61
2 131.80
4 131.80
2 131.99
4 131.99
2 132.37
4 132.37
2 132.56
4 132.56
2 132.75
4 132.75
0 133.13
2 133.13
0 133.32
2 133.32
0 133.51
2 133.51
1 133.89
2 133.89
1 134.08
2 134.08
1 134.27
2 134.27
0 134.65
2 134.65
0 134.84
2 134.84
0 135.03
2 135.03
0 135.41
1 135.41
0 135.60
1 135.60
0 135.79
1 135.79
0 136.17
2 136.17
0 136.36
2 136.36
0 136.55
2 136.55
1 136.93
2 136.93
1 137.12
2 137.12
1 137.31
2 137.31
1 137.69
3 137.69
1 137.88
3 137.88
1 138.07
3 138.07
1 138.45
3 138.45
1 138.64
3 138.64
1 138.83
3 138.83
4 139.21
3 139.97
2 140.73
0 142.25
1 143.01
2 143.77
4 145.28
3 146.04
2 146.80
1 148.32
2 149.08
1 149.84
0 150.60
1 151.36
2 152.12
3 152.88
