138.5
225
0 6.08
3 6.37
3 6.73
2 6.94
3 8.89
3 9.33
1 9.54
2 9.76
2 10.19
0 10.41
2 11.28
0 12.57
3 13.30
3 13.66
2 13.87
3 15.82
3 16.26
1 16.47
2 16.69
2 17.12
0 17.34
2 18.21
0 19.51
3 20.23
3 20.59
2 20.81
3 22.76
3 23.19
1 23.41
2 23.62
2 23.84
2 24.06
0 24.27
2 25.14
0 26.44
3 27.16
3 27.52
2 27.74
3 29.69
3 30.12
1 30.34
2 30.55
2 30.99
0 31.20
2 32.07
0 33.37
3 34.09
3 34.45
2 34.67
3 36.62
3 37.05
1 37.27
2 37.48
2 37.70
2 37.92
0 38.13
2 39.00
0 40.30
3 41.02
3 41.38
2 41.60
3 43.55
3 43.98
1 44.20
2 44.42
2 44.85
0 45.07
2 45.93
0 47.23
3 47.95
3 48.31
2 48.53
3 50.48
3 50.91
1 51.13
2 51.35
2 51.78
0 52.00
2 52.86
0 54.16
3 54.89
3 55.25
2 55.46
3 57.41
3 57.85
1 58.06
2 58.28
2 58.50
2 58.71
0 58.93
2 59.80
0 61.09
3 61.82
2 65.43
3 65.43
2 66.08
3 66.08
2 66.51
3 66.51
2 66.94
3 66.94
1 67.16
3 67.16
1 67.81
3 67.81
1 68.24
3 68.24
1 68.68
3 68.68
0 68.89
1 68.89
0 69.54
1 69.54
0 69.98
1 69.98
0 70.41
1 70.41
0 70.63
2 70.63
0 71.28
2 71.28
0 71.71
2 71.71
0 72.14
2 72.14
2 72.36
3 72.36
2 73.01
3 73.01
2 73.44
3 73.44
2 73.87
3 73.87
1 74.09
3 74.09
2 74.09
1 74.74
3 74.74
1 75.17
3 75.17
1 75.61
3 75.61
0 75.82
1 75.82
0 76.47
1 76.47
0 76.91
1 76.91
0 77.34
1 77.34
0 77.56
2 77.56
0 78.21
2 78.21
0 78.64
2 78.64
0 79.07
2 79.07
2 79.29
3 79.29
2 79.94
3 79.94
2 80.37
3 80.37
2 80.81
3 80.81
1 81.02
3 81.02
1 81.67
3 81.67
1 82.11
3 82.11
1 82.54
3 82.54
0 82.76
1 82.76
0 83.41
1 83.41
0 83.84
1 83.84
0 84.27
1 84.27
0 84.49
2 84.49
0 85.14
2 85.14
0 85.57
2 85.57
0 86.00
2 86.00
2 86.22
3 86.22
2 86.87
3 86.87
2 87.30
3 87.30
2 87.74
3 87.74
1 87.95
3 87.95
2 87.95
1 88.60
3 88.60
1 89.04
3 89.04
1 89.47
3 89.47
0 89.69
1 89.69
0 90.34
1 90.34
0 90.77
1 90.77
1 91.20
1 91.42
3 91.42
1 92.07
3 92.07
1 92.50
3 92.50
1 92.94
3 92.94
1 93.15
3 93.15
1 93.80
3 93.80
1 94.24
3 94.24
1 94.67
3 94.67
1 94.89
3 94.89
1 95.54
3 95.54
1 95.97
3 95.97
0 96.19
3 96.47
3 96.83
2 97.05
3 99.00
3 99.43
1 99.65
2 99.87
2 100.08
2 100.30
0 100.52
2 101.38
0 102.68
3 103.41
3 103.77
2 103.98
3 105.93
3 106.37
1 106.58
2 106.80
2 107.23
0 107.45
2 108.31
0 109.61
3 110.34
3 110.70
2 110.91
3 112.86
3 113.30
1 113.51
2 113.73
2 114.16
0 114.38
2 115.25
0 116.55
3 117.27
3 117.63
2 117.85
3 119.80
3 120.23
1 120.44
2 120.66
2 120.88
2 121.09
0 121.31
2 122.18
0 123.48
3 124.20
3 124.56
2 124.78
3 126.73
3 127.16
1 127.38
2 127.59
2 128.03
0 128.24
2 129.11
0 130.41
3 131.13
3 131.49
2 131.71
3 133.66
3 134.09
1 134.31
2 134.52
2 134.74
2 134.96
0 135.17
2 136.04
0 137.34
3 138.06
2 144.92
2 145.14
3 145.14
2 145.79
3 145.79
2 146.22
3 146.22
2 146.65
3 146.65
1 146.87
3 146.87
1 147.52
3 147.52
1 147.95
3 147.95
1 148.39
3 148.39
0 148.60
1 148.60
0 149.25
1 149.25
0 149.69
1 149.69
0 150.12
1 150.12
0 150.34
2 150.34
0 150.99
2 150.99
0 151.42
2 151.42
0 151.85
2 151.85
2 152.07
3 152.07
2 152.72
3 152.72
2 153.15
3 153.15
2 153.59
3 153.59
1 153.80
3 153.80
1 154.45
3 154.45
1 154.89
3 154.89
1 155.32
3 155.32
2 155.32
0 155.54
1 155.54
0 156.19
1 156.19
0 156.62
1 156.62
0 157.05
1 157.05
0 157.27
2 157.27
0 157.92
2 157.92
0 158.35
2 158.35
0 158.78
2 158.78
2 159.00
3 159.00
2 159.65
3 159.65
2 160.08
3 160.08
2 160.52
3 160.52
1 160.73
3 160.73
1 161.38
3 161.38
1 161.82
3 161.82
1 162.25
3 162.25
0 162.47
1 162.47
0 163.12
1 163.12
0 163.55
1 163.55
0 163.98
1 163.98
0 164.20
2 164.20
0 164.85
2 164.85
0 165.28
2 165.28
0 165.72
2 165.72
2 165.93
3 165.93
2 166.58
3 166.58
2 167.02
3 167.02
2 167.45
3 167.45
1 167.67
3 167.67
1 168.31
3 168.31
1 168.75
3 168.75
1 169.18
3 169.18
0 169.40
1 169.40
0 170.05
1 170.05
0 170.48
1 170.48
0 170.91
1 170.91
0 171.13
2 171.13
0 171.78
2 171.78
0 172.21
2 172.21
0 172.65
2 172.65
2 172.86
3 172.86
2 173.51
3 173.51
2 173.95
3 173.95
2 174.38
3 174.38
1 174.60
3 174.60
1 175.25
3 175.25
1 175.68
3 175.68
1 176.11
3 176.11
2 176.11
0 176.33
1 176.33
0 176.98
1 176.98
0 177.41
1 177.41
0 177.85
1 177.85
0 178.06
2 178.06
0 178.71
2 178.71
0 179.15
2 179.15
0 179.58
2 179.58
2 179.80
3 179.80
2 180.44
3 180.44
2 180.88
3 180.88
2 181.31
3 181.31
1 181.53
3 181.53
1 182.18
3 182.18
1 182.61
3 182.61
1 183.04
3 183.04
0 183.26
1 183.26
0 183.91
1 183.91
0 184.34
1 184.34
0 184.78
1 184.78
1 184.99
3 184.99
1 185.64
3 185.64
1 186.08
3 186.08
1 186.51
3 186.51
1 186.73
3 186.73
1 187.38
3 187.38
1 187.81
3 187.81
1 188.24
3 188.24
1 188.46
3 188.46
1 189.11
3 189.11
1 189.54
3 189.54
0 189.76
2 189.76
3 190.05
3 190.41
2 190.63
3 192.57
3 193.01
1 193.22
2 193.44
2 193.87
0 194.09
2 194.96
0 196.26
3 196.98
3 197.34
2 197.56
3 199.51
3 199.94
1 200.16
2 200.37
2 200.81
0 201.02
2 201.89
0 203.19
3 203.91
3 204.27
2 204.49
3 206.44
3 206.87
1 207.09
2 207.30
2 207.74
0 207.95
2 208.82
0 210.12
3 210.84
3 211.20
2 211.42
3 213.37
3 213.80
1 214.02
2 214.23
2 214.67
0 214.89
2 215.75
0 217.05
3 217.77
