118
190
1 7.04
2 7.22
3 7.40
0 12.19
1 13.27
2 14.33
3 15.37
2 16.43
3 17.47
3 18.50
4 20.69
3 21.20
4 21.67
2 22.75
4 23.81
0 24.83
1 26.31
1 27.37
1 28.41
0 29.46
0 30.00
1 30.50
1 31.02
0 31.52
0 32.04
2 32.55
1 33.56
1 34.09
1 34.60
3 35.13
2 35.94
3 37.58
2 38.68
4 39.67
3 40.69
3 41.75
4 42.07
3 45.27
3 45.54
2 46.78
1 46.99
0 47.17
3 49.23
3 49.56
4 55.89
2 59.03
0 62.05
0 62.59
1 63.13
1 63.62
2 64.16
2 64.66
3 65.17
3 65.71
3 66.22
4 66.71
3 69.30
3 69.84
1 70.35
1 70.85
2 71.32
2 71.89
0 72.37
0 72.88
4 73.34
2 74.90
1 75.43
3 76.43
2 77.46
2 77.98
3 78.49
3 78.98
2 79.48
2 79.97
4 80.36
0 80.54
1 80.75
0 80.92
2 81.52
1 82.05
0 82.55
1 83.09
3 83.91
2 84.83
1 85.52
1 85.86
2 86.38
3 86.57
4 86.76
0 86.93
1 87.59
0 87.90
1 88.09
2 88.44
3 88.61
4 88.78
3 88.95
4 89.13
2 89.58
4 90.15
3 90.47
4 90.66
0 91.63
1 91.97
2 92.32
3 92.66
4 93.15
4 93.52
2 94.17
1 99.97
1 100.46
2 100.81
1 101.01
3 101.36
3 101.59
0 102.08
0 102.38
2 102.61
1 102.78
4 103.96
1 104.21
1 104.66
1 105.17
4 105.49
3 106.20
3 106.49
4 106.67
4 106.88
3 107.21
2 107.53
1 107.88
0 108.22
1 108.54
3 108.92
2 109.60
4 109.98
3 110.67
0 111.07
4 111.27
1 111.64
2 112.35
2 112.84
2 113.20
3 113.39
4 113.65
3 113.83
1 114.17
1 114.35
1 114.90
3 115.24
2 117.26
0 117.80
2 117.97
2 118.46
2 118.98
1 119.33
4 121.57
2 122.04
3 122.54
1 122.95
0 123.14
4 123.66
2 124.17
3 124.64
1 125.17
4 125.68
2 126.21
2 126.72
0 127.21
3 127.75
1 128.23
2 128.72
1 129.06
0 129.27
3 129.71
2 130.74
1 131.24
0 131.75
3 132.54
4 134.71
3 136.75
3 137.26
2 137.80
3 138.27
3 138.58
4 138.79
4 139.77
4 140.30
3 140.66
2 140.85
2 141.82
0 142.33
3 142.82
1 143.34
1 143.83
0 144.11
4 145.22
0 146.84
2 147.37
1 147.89
3 148.39
0 148.91
2 149.43
1 149.92
2 150.44
2 150.92
4 151.25
3 154.30
3 156.79
0 160.37
0 160.73
1 162.42
0 162.74
2 164.39
0 164.77
3 166.42
4 166.76
0 168.36
0 168.68
2 169.21
4 169.69
3 170.25
1 170.69
2 171.20
4 171.66
3 172.24
1 172.66
0 173.24
3 173.69
1 174.24
2 174.68
0 175.23
3 175.69
1 176.23
2 176.69
0 177.21
1 177.71
2 178.24
3 178.70
4 179.24
3 179.71
2 180.25
1 180.69
4 181.20
2 181.70
2 182.25
4 182.70
0 184.42
0 184.97
